  Start Time /s	    Run Time /s	      Objective	        m_vstar	        b_vstar	                                                            Hash
 6.22509999e-03	 8.87132041e+01	 3.62289024e-01	      -0.800000	       0.900000	e077172409ed971e7cbc8aaf3f5fc99ffd5806da65b60973369d000cf6a32fc6
 8.87259353e+01	 8.83838151e+01	 1.08508185e-01	      -0.753360	       1.253248	0ae754dacfb6c3466baf578a5d8879ca83ad866b6b967c3bbd8d2678efaa3c2b
 1.77109890e+02	 8.85558127e+01	 4.79424584e-02	      -0.548485	       0.962436	70436ffd9be89301f968d616ee0bb34cc4c442f527c15cc164892c9524c41c92
 2.65665847e+02	 9.27722088e+01	 2.14904919e-01	      -0.615996	       1.415515	7380c07367d3e30b7a630e92a33c3a2b1753aba7294b3c1e0e03d34588d7a4e9
 3.58438376e+02	 9.05845763e+01	 6.63478273e-02	      -0.672958	       1.106099	607792c77583b43ba11c20a713afce3f8fb55eb68d98e4090302a899de1b9799
 4.49023095e+02	 9.44013340e+01	 2.07875415e-01	      -0.723505	       1.462637	bc637b7cd3a4780f291c85dabffbc7c85f26288b727e22ac90b0a4630ddb91b6
 5.43424568e+02	 9.06629214e+01	 1.31081025e-01	      -0.593556	       1.190822	d92428f42242343f5620d9814326c4df6158ee1eeb92cbe9d9152de703083f3c
 6.34087634e+02	 9.04529318e+01	 2.12846965e-01	      -0.505209	       1.343581	37b14ff5e257b79cbf348c9eb3fdc5a996b2bdd5e9968c088993d4ba2610a32f
 7.24540699e+02	 9.24460502e+01	 2.75678586e-03	      -0.787243	       1.015662	edfdc309ef392dbd57b643c90f780cd69e4d9846a3fb34eba8dcddaf72c83a62
 8.21606407e+02	 9.28425835e+01	 2.29631112e-03	      -0.783782	       1.019325	a63af327916fe649520a178286f82cbe854dbc9c7c64ba7f081a4bb7c2037530
 9.17984320e+02	 9.21777877e+01	 2.20886195e-03	      -0.779969	       1.020214	4afecc9ea9af4a9c8493e7728052a5e9c397e6e26b938c36da07257e5d06c33f
 1.01443161e+03	 8.83902054e+01	 1.68773973e-03	      -0.760353	       1.004095	b8c8df892c878b50ccb4426f711ec4a0b257f598e3c723097358b93c1f3af4d4
 1.10692960e+03	 9.26600046e+01	 1.38587911e-03	      -0.746365	       0.991158	eea5c54c45e088f5427782759a957a3e56c99c5bd3230167bd3269c5a9e4fea1
 1.20545557e+03	 9.01641076e+01	 1.17275294e-03	      -0.733723	       0.978316	a0b7a45276502faa90abcdddbdd8c8c591c4ef3a57ecbd7f0f35dab27811f3ec
 1.29985834e+03	 8.87126041e+01	 1.08385903e-03	      -0.724705	       0.968385	8e12a8f4062bcbd8f1ad5f8d2465d600ee07784ea205d69548150a46299697d7
 1.39416633e+03	 9.05622858e+01	 1.07198931e-03	      -0.721146	       0.964088	847b662a5c86cb41c721bef37d1b18b72efcf56a671a0f0846f37b2c4f127f6d
 1.49001421e+03	 8.83292055e+01	 1.07200795e-03	      -0.721201	       0.963964	9309384c838da5dcf5900fce5b8438ef00f4f8ca6a93610ef12e89df0d59b4d8
 1.58345278e+03	 9.21409326e+01	 1.07206024e-03	      -0.721341	       0.964066	631c483312c50f44d0d6ebe7c9033ced7eb8fcb7d6c360026ce8b0af235f5182
 1.68174266e+03	 9.05452583e+01	 1.07209505e-03	      -0.721416	       0.964121	405a59637e361fc174386b67bfb9d69608dc482f2d951c3b1bd9fc917b26bbbb
 1.77717104e+03	 8.86039264e+01	 1.07212021e-03	      -0.721465	       0.964158	47855449b857e0c89f5c0af30230d61377b6695376440ef6e7ff5803eff2a739
 1.87081617e+03	 9.23125210e+01	 1.07213830e-03	      -0.721498	       0.964182	2af6964cffae4f04a06687cd600a497ed0287589e03e2ad36c6b8756a8d9de1d
 1.96894454e+03	 8.83253613e+01	 1.07215189e-03	      -0.721522	       0.964200	3d1768d4a75ebdad3878397e83468face07a46a5756f6dae14d4082e36b3abc0
 2.06190087e+03	 9.44176247e+01	 1.07216232e-03	      -0.721540	       0.964213	04e567d4f72a3d7d951391619f2ae8bc2d9cd65ae436a32e65820e7bdc0d32d3
 2.16416627e+03	 9.06682524e+01	 1.07217053e-03	      -0.721554	       0.964224	91c0102b4ef2b5a97ece76cf015fd5bcfb56834a45afbde39edaefa6f3e26875
 2.25964571e+03	 9.02858254e+01	 1.07217669e-03	      -0.721564	       0.964231	1bfee2d6e6a53e430b680b20b59a24ecfd1dddd5a259da94b955dad8a547fc20
 2.35530137e+03	 9.25841501e+01	 1.07218120e-03	      -0.721572	       0.964238	17529c6d3af63486a4c4826f7f76e726eba3dca375d0bf27078e6c46a1860969
 2.45246054e+03	 8.85706528e+01	 1.07218409e-03	      -0.721577	       0.964242	b8b256aace80f53a96a050e74c1394e0a3c6439a9eccb950101d140c9c74e692
