 Iteration	        Time /s	      Best Loss	   Current Loss	        m_vstar	        b_vstar		Optimiser info
         0	 8.16981624e+02	 2.75678586e-03	 2.75678586e-03	    -0.78724283	     1.01566189		-
         1	 9.14443397e+02	 2.29631112e-03	 2.29631112e-03	    -0.78378203	     1.01932455		-
         2	 1.01015649e+03	 2.20886195e-03	 2.20886195e-03	    -0.77996933	     1.02021377		-
         3	 1.10281625e+03	 1.68773973e-03	 1.68773973e-03	    -0.76035318	     1.00409492		-
         4	 1.19958400e+03	 1.38587911e-03	 1.38587911e-03	    -0.74636472	     0.99115794		-
         5	 1.29561412e+03	 1.17275294e-03	 1.17275294e-03	    -0.73372315	     0.97831586		-
         6	 1.38856542e+03	 1.08385903e-03	 1.08385903e-03	    -0.72470453	     0.96838499		-
         7	 1.48472308e+03	 1.07198931e-03	 1.07198931e-03	    -0.72114564	     0.96408817		-
         8	 1.57833786e+03	 1.07198931e-03	 1.07200795e-03	    -0.72120064	     0.96396375		-
         9	 1.67558815e+03	 1.07198931e-03	 1.07206024e-03	    -0.72134085	     0.96406631		-
        10	 1.77228240e+03	 1.07198931e-03	 1.07209505e-03	    -0.72141577	     0.96412142		-
        11	 1.86576941e+03	 1.07198931e-03	 1.07212021e-03	    -0.72146491	     0.96415786		-
        12	 1.96312321e+03	 1.07198931e-03	 1.07213830e-03	    -0.72149821	     0.96418236		-
        13	 2.05726437e+03	 1.07198931e-03	 1.07215189e-03	    -0.72152176	     0.96419977		-
        14	 2.15631294e+03	 1.07198931e-03	 1.07216232e-03	    -0.72153950	     0.96421300		-
        15	 2.25482902e+03	 1.07198931e-03	 1.07217053e-03	    -0.72155376	     0.96422366		-
        16	 2.34992601e+03	 1.07198931e-03	 1.07217669e-03	    -0.72156361	     0.96423092		-
        17	 2.44788004e+03	 1.07198931e-03	 1.07218120e-03	    -0.72157233	     0.96423802		-
        18	 1.33655222e+04	 1.07198931e-03	 1.07218409e-03	    -0.72157706	     0.96424154		-
